FerroElectric data
10/28/2019
10:36:53 PM

<data below>

0.000E+0	7.071E+0	7.071E+0	7.332E+0
1.000E+0	6.793E+0	1.818E+1	6.903E+0
2.000E+0	6.534E+0	1.515E+1	6.880E+0
3.000E+0	6.293E+0	1.495E+2	6.808E+0
4.000E+0	6.069E+0	0.000E+0	6.124E+0
5.000E+0	5.861E+0	0.000E+0	5.896E+0
6.000E+0	5.667E+0	0.000E+0	5.679E+0
7.000E+0	5.488E+0	0.000E+0	5.337E+0
8.000E+0	5.322E+0	0.000E+0	5.016E+0
9.000E+0	5.169E+0	0.000E+0	5.198E+0
1.000E+1	5.027E+0	0.000E+0	4.809E+0
1.100E+1	4.897E+0	0.000E+0	4.555E+0
1.200E+1	4.777E+0	0.000E+0	4.648E+0
1.300E+1	4.667E+0	0.000E+0	4.458E+0
1.400E+1	4.566E+0	0.000E+0	4.275E+0
1.500E+1	4.474E+0	0.000E+0	4.183E+0
1.600E+1	4.390E+0	0.000E+0	4.044E+0
1.700E+1	4.314E+0	0.000E+0	3.772E+0
1.800E+1	4.245E+0	0.000E+0	3.727E+0
1.900E+1	4.183E+0	0.000E+0	3.705E+0
2.000E+1	4.127E+0	0.000E+0	3.186E+0
2.100E+1	4.077E+0	0.000E+0	3.508E+0
2.200E+1	4.033E+0	0.000E+0	3.929E+0
2.300E+1	3.994E+0	0.000E+0	3.431E+0
2.400E+1	3.960E+0	0.000E+0	3.514E+0
2.500E+1	3.931E+0	0.000E+0	3.256E+0
2.600E+1	3.907E+0	0.000E+0	3.474E+0
2.700E+1	3.886E+0	0.000E+0	3.437E+0
2.800E+1	3.869E+0	0.000E+0	3.192E+0
2.900E+1	3.856E+0	0.000E+0	3.479E+0
3.000E+1	3.846E+0	0.000E+0	3.210E+0
3.100E+1	3.839E+0	0.000E+0	3.547E+0
3.200E+1	3.835E+0	0.000E+0	3.378E+0
3.300E+1	3.833E+0	0.000E+0	3.113E+0
3.400E+1	3.835E+0	0.000E+0	3.089E+0
3.500E+1	3.838E+0	0.000E+0	3.388E+0
3.600E+1	3.844E+0	0.000E+0	3.317E+0
3.700E+1	3.852E+0	0.000E+0	3.446E+0
3.800E+1	3.861E+0	0.000E+0	3.444E+0
3.900E+1	3.873E+0	0.000E+0	3.199E+0
4.000E+1	3.886E+0	0.000E+0	3.482E+0
4.100E+1	3.900E+0	0.000E+0	3.308E+0
4.200E+1	3.916E+0	0.000E+0	3.258E+0
4.300E+1	3.933E+0	0.000E+0	3.521E+0
4.400E+1	3.951E+0	0.000E+0	3.461E+0
4.500E+1	3.970E+0	0.000E+0	3.510E+0
4.600E+1	3.991E+0	0.000E+0	3.849E+0
4.700E+1	4.012E+0	0.000E+0	3.476E+0
4.800E+1	4.033E+0	0.000E+0	3.988E+0
4.900E+1	4.056E+0	0.000E+0	3.327E+0
5.000E+1	4.079E+0	0.000E+0	3.937E+0
5.100E+1	4.103E+0	0.000E+0	3.922E+0
5.200E+1	4.127E+0	0.000E+0	3.470E+0
5.300E+1	4.151E+0	0.000E+0	3.694E+0
5.400E+1	4.176E+0	0.000E+0	3.610E+0
5.500E+1	4.202E+0	0.000E+0	4.015E+0
5.600E+1	4.227E+0	0.000E+0	3.698E+0
5.700E+1	4.253E+0	0.000E+0	3.641E+0
5.800E+1	4.279E+0	0.000E+0	3.853E+0
5.900E+1	4.305E+0	0.000E+0	3.855E+0
6.000E+1	4.332E+0	0.000E+0	4.363E+0
6.100E+1	4.358E+0	0.000E+0	3.907E+0
6.200E+1	4.384E+0	0.000E+0	3.735E+0
6.300E+1	4.411E+0	0.000E+0	4.195E+0
6.400E+1	4.437E+0	0.000E+0	4.126E+0
6.500E+1	4.463E+0	0.000E+0	4.183E+0
6.600E+1	4.489E+0	0.000E+0	4.146E+0
6.700E+1	4.515E+0	0.000E+0	4.474E+0
6.800E+1	4.541E+0	0.000E+0	4.243E+0
6.900E+1	4.567E+0	0.000E+0	4.342E+0
7.000E+1	4.592E+0	0.000E+0	4.150E+0
7.100E+1	4.618E+0	0.000E+0	4.267E+0
7.200E+1	4.643E+0	0.000E+0	4.026E+0
7.300E+1	4.668E+0	0.000E+0	4.421E+0
7.400E+1	4.693E+0	0.000E+0	4.544E+0
7.500E+1	4.717E+0	0.000E+0	4.378E+0
7.600E+1	4.741E+0	0.000E+0	4.701E+0
7.700E+1	4.765E+0	0.000E+0	4.544E+0
7.800E+1	4.789E+0	0.000E+0	4.337E+0
7.900E+1	4.812E+0	0.000E+0	4.448E+0
8.000E+1	4.835E+0	0.000E+0	4.579E+0
8.100E+1	4.857E+0	0.000E+0	4.577E+0
8.200E+1	4.880E+0	0.000E+0	4.685E+0
8.300E+1	4.902E+0	0.000E+0	4.288E+0
8.400E+1	4.923E+0	0.000E+0	4.608E+0
8.500E+1	4.945E+0	0.000E+0	4.998E+0
8.600E+1	4.966E+0	0.000E+0	4.677E+0
8.700E+1	4.986E+0	0.000E+0	4.642E+0
8.800E+1	5.007E+0	0.000E+0	4.271E+0
8.900E+1	5.026E+0	0.000E+0	4.577E+0
9.000E+1	5.046E+0	0.000E+0	4.583E+0
9.100E+1	5.065E+0	0.000E+0	4.987E+0
9.200E+1	5.084E+0	0.000E+0	4.794E+0
9.300E+1	5.102E+0	0.000E+0	4.882E+0
9.400E+1	5.120E+0	0.000E+0	4.816E+0
9.500E+1	5.138E+0	0.000E+0	4.692E+0
9.600E+1	5.155E+0	0.000E+0	5.061E+0
9.700E+1	5.172E+0	0.000E+0	4.607E+0
9.800E+1	5.189E+0	0.000E+0	4.846E+0
9.900E+1	5.205E+0	0.000E+0	4.657E+0
1.000E+2	5.221E+0	0.000E+0	5.187E+0
1.010E+2	5.236E+0	0.000E+0	5.187E+0
1.020E+2	5.251E+0	0.000E+0	4.831E+0
1.030E+2	5.266E+0	0.000E+0	4.727E+0
1.040E+2	5.280E+0	0.000E+0	5.206E+0
1.050E+2	5.294E+0	0.000E+0	4.944E+0
1.060E+2	5.308E+0	0.000E+0	5.250E+0
1.070E+2	5.321E+0	0.000E+0	5.160E+0
1.080E+2	5.334E+0	0.000E+0	5.312E+0
1.090E+2	5.346E+0	0.000E+0	5.153E+0
1.100E+2	5.358E+0	0.000E+0	5.304E+0
1.110E+2	5.370E+0	0.000E+0	4.987E+0
1.120E+2	5.381E+0	0.000E+0	5.003E+0
1.130E+2	5.392E+0	0.000E+0	5.299E+0
1.140E+2	5.403E+0	0.000E+0	5.299E+0
1.150E+2	5.413E+0	0.000E+0	5.168E+0
1.160E+2	5.423E+0	0.000E+0	5.257E+0
1.170E+2	5.433E+0	0.000E+0	5.170E+0
1.180E+2	5.442E+0	0.000E+0	5.428E+0
1.190E+2	5.451E+0	0.000E+0	5.001E+0
1.200E+2	5.460E+0	0.000E+0	5.173E+0
1.210E+2	5.468E+0	0.000E+0	5.193E+0
1.220E+2	5.476E+0	0.000E+0	5.330E+0
1.230E+2	5.483E+0	0.000E+0	5.276E+0
1.240E+2	5.491E+0	0.000E+0	5.449E+0
1.250E+2	5.498E+0	0.000E+0	5.302E+0
1.260E+2	5.504E+0	0.000E+0	5.248E+0
1.270E+2	5.511E+0	0.000E+0	5.336E+0
1.280E+2	5.517E+0	0.000E+0	5.067E+0
1.290E+2	5.522E+0	0.000E+0	5.551E+0
1.300E+2	5.528E+0	0.000E+0	5.637E+0
1.310E+2	5.533E+0	0.000E+0	5.360E+0
1.320E+2	5.538E+0	0.000E+0	5.495E+0
1.330E+2	5.542E+0	0.000E+0	5.427E+0
1.340E+2	5.546E+0	0.000E+0	5.088E+0
1.350E+2	5.550E+0	0.000E+0	5.340E+0
1.360E+2	5.554E+0	0.000E+0	5.839E+0
1.370E+2	5.557E+0	0.000E+0	5.477E+0
1.380E+2	5.560E+0	0.000E+0	5.121E+0
1.390E+2	5.563E+0	0.000E+0	5.410E+0
1.400E+2	5.565E+0	0.000E+0	5.306E+0
1.410E+2	5.568E+0	0.000E+0	5.713E+0
1.420E+2	5.570E+0	0.000E+0	5.400E+0
1.430E+2	5.571E+0	0.000E+0	5.386E+0
1.440E+2	5.573E+0	0.000E+0	5.498E+0
1.450E+2	5.574E+0	0.000E+0	4.993E+0
1.460E+2	5.575E+0	0.000E+0	5.251E+0
1.470E+2	5.575E+0	0.000E+0	5.504E+0
1.480E+2	5.576E+0	0.000E+0	5.485E+0
1.490E+2	5.576E+0	0.000E+0	5.387E+0
1.500E+2	5.576E+0	0.000E+0	5.444E+0
1.510E+2	5.575E+0	0.000E+0	5.420E+0
1.520E+2	5.575E+0	0.000E+0	5.482E+0
1.530E+2	5.574E+0	0.000E+0	5.311E+0
1.540E+2	5.573E+0	0.000E+0	5.330E+0
1.550E+2	5.572E+0	0.000E+0	5.399E+0
1.560E+2	5.570E+0	0.000E+0	5.579E+0
1.570E+2	5.568E+0	0.000E+0	5.308E+0
1.580E+2	5.566E+0	0.000E+0	5.613E+0
1.590E+2	5.564E+0	0.000E+0	5.349E+0
1.600E+2	5.562E+0	0.000E+0	5.516E+0
1.610E+2	5.559E+0	0.000E+0	5.302E+0
1.620E+2	5.556E+0	0.000E+0	5.779E+0
1.630E+2	5.553E+0	0.000E+0	5.351E+0
1.640E+2	5.550E+0	0.000E+0	5.191E+0
1.650E+2	5.547E+0	0.000E+0	5.433E+0
1.660E+2	5.543E+0	0.000E+0	5.485E+0
1.670E+2	5.539E+0	0.000E+0	5.319E+0
1.680E+2	5.535E+0	0.000E+0	5.639E+0
1.690E+2	5.531E+0	0.000E+0	5.497E+0
1.700E+2	5.527E+0	0.000E+0	5.379E+0
1.710E+2	5.522E+0	0.000E+0	5.309E+0
1.720E+2	5.517E+0	0.000E+0	5.541E+0
1.730E+2	5.512E+0	0.000E+0	5.412E+0
1.740E+2	5.507E+0	0.000E+0	5.472E+0
1.750E+2	5.502E+0	0.000E+0	5.596E+0
1.760E+2	5.496E+0	0.000E+0	5.924E+0
1.770E+2	5.491E+0	0.000E+0	5.590E+0
1.780E+2	5.485E+0	0.000E+0	5.226E+0
1.790E+2	5.479E+0	0.000E+0	5.530E+0
1.800E+2	5.473E+0	0.000E+0	5.693E+0
1.810E+2	5.467E+0	0.000E+0	5.334E+0
1.820E+2	5.460E+0	0.000E+0	5.373E+0
1.830E+2	5.454E+0	0.000E+0	5.816E+0
1.840E+2	5.447E+0	0.000E+0	5.423E+0
1.850E+2	5.440E+0	0.000E+0	5.827E+0
1.860E+2	5.433E+0	0.000E+0	5.394E+0
1.870E+2	5.426E+0	0.000E+0	5.769E+0
1.880E+2	5.418E+0	0.000E+0	5.512E+0
1.890E+2	5.411E+0	0.000E+0	5.531E+0
1.900E+2	5.403E+0	0.000E+0	5.183E+0
1.910E+2	5.395E+0	0.000E+0	5.204E+0
1.920E+2	5.387E+0	0.000E+0	5.678E+0
1.930E+2	5.379E+0	0.000E+0	5.672E+0
1.940E+2	5.371E+0	0.000E+0	5.241E+0
1.950E+2	5.363E+0	0.000E+0	5.469E+0
1.960E+2	5.354E+0	0.000E+0	5.122E+0
1.970E+2	5.346E+0	0.000E+0	5.682E+0
1.980E+2	5.337E+0	0.000E+0	5.586E+0
1.990E+2	5.328E+0	0.000E+0	5.562E+0
2.000E+2	5.319E+0	0.000E+0	5.378E+0
2.010E+2	5.310E+0	0.000E+0	5.027E+0
2.020E+2	5.301E+0	0.000E+0	5.346E+0
2.030E+2	5.292E+0	0.000E+0	5.317E+0
2.040E+2	5.282E+0	0.000E+0	5.487E+0
2.050E+2	5.273E+0	0.000E+0	5.325E+0
2.060E+2	5.263E+0	0.000E+0	5.417E+0
2.070E+2	5.254E+0	0.000E+0	5.680E+0
2.080E+2	5.244E+0	0.000E+0	5.555E+0
2.090E+2	5.234E+0	0.000E+0	5.593E+0
2.100E+2	5.224E+0	0.000E+0	5.108E+0
2.110E+2	5.214E+0	0.000E+0	5.359E+0
2.120E+2	5.203E+0	0.000E+0	5.356E+0
2.130E+2	5.193E+0	0.000E+0	5.176E+0
2.140E+2	5.183E+0	0.000E+0	5.167E+0
2.150E+2	5.172E+0	0.000E+0	5.600E+0
2.160E+2	5.162E+0	0.000E+0	5.164E+0
2.170E+2	5.151E+0	0.000E+0	5.225E+0
2.180E+2	5.140E+0	0.000E+0	5.189E+0
2.190E+2	5.129E+0	0.000E+0	5.253E+0
2.200E+2	5.118E+0	0.000E+0	5.247E+0
2.210E+2	5.107E+0	0.000E+0	5.421E+0
2.220E+2	5.096E+0	0.000E+0	5.021E+0
2.230E+2	5.085E+0	0.000E+0	4.950E+0
2.240E+2	5.074E+0	0.000E+0	5.118E+0
2.250E+2	5.063E+0	0.000E+0	5.067E+0
2.260E+2	5.051E+0	0.000E+0	5.231E+0
2.270E+2	5.040E+0	0.000E+0	5.369E+0
2.280E+2	5.028E+0	0.000E+0	4.899E+0
2.290E+2	5.017E+0	0.000E+0	5.288E+0
2.300E+2	5.005E+0	0.000E+0	4.988E+0
2.310E+2	4.993E+0	0.000E+0	4.888E+0
2.320E+2	4.981E+0	0.000E+0	5.450E+0
2.330E+2	4.969E+0	0.000E+0	4.991E+0
2.340E+2	4.957E+0	0.000E+0	5.157E+0
2.350E+2	4.945E+0	0.000E+0	4.996E+0
2.360E+2	4.933E+0	0.000E+0	5.422E+0
2.370E+2	4.921E+0	0.000E+0	5.266E+0
2.380E+2	4.909E+0	0.000E+0	5.096E+0
2.390E+2	4.897E+0	0.000E+0	5.583E+0
2.400E+2	4.885E+0	0.000E+0	5.100E+0
2.410E+2	4.872E+0	0.000E+0	5.024E+0
2.420E+2	4.860E+0	0.000E+0	5.006E+0
2.430E+2	4.847E+0	0.000E+0	4.821E+0
2.440E+2	4.835E+0	0.000E+0	4.710E+0
2.450E+2	4.822E+0	0.000E+0	4.934E+0
2.460E+2	4.810E+0	0.000E+0	5.088E+0
2.470E+2	4.797E+0	0.000E+0	4.742E+0
2.480E+2	4.784E+0	0.000E+0	5.038E+0
2.490E+2	4.772E+0	0.000E+0	5.170E+0
2.500E+2	4.759E+0	0.000E+0	4.693E+0
2.510E+2	4.746E+0	0.000E+0	4.975E+0
2.520E+2	4.733E+0	0.000E+0	5.368E+0
2.530E+2	4.720E+0	0.000E+0	4.901E+0
2.540E+2	4.707E+0	0.000E+0	4.956E+0
2.550E+2	4.694E+0	0.000E+0	5.071E+0
2.560E+2	4.681E+0	0.000E+0	4.760E+0
2.570E+2	4.668E+0	0.000E+0	5.115E+0
2.580E+2	4.655E+0	0.000E+0	4.939E+0
2.590E+2	4.642E+0	0.000E+0	4.864E+0
2.600E+2	4.629E+0	0.000E+0	4.647E+0
2.610E+2	4.616E+0	0.000E+0	4.714E+0
2.620E+2	4.603E+0	0.000E+0	4.834E+0
2.630E+2	4.589E+0	0.000E+0	5.127E+0
2.640E+2	4.576E+0	0.000E+0	4.565E+0
2.650E+2	4.563E+0	0.000E+0	4.485E+0
2.660E+2	4.549E+0	0.000E+0	4.570E+0
2.670E+2	4.536E+0	0.000E+0	4.686E+0
2.680E+2	4.523E+0	0.000E+0	4.765E+0
2.690E+2	4.509E+0	0.000E+0	4.813E+0
2.700E+2	4.496E+0	0.000E+0	5.001E+0
2.710E+2	4.483E+0	0.000E+0	4.959E+0
2.720E+2	4.469E+0	0.000E+0	4.959E+0
2.730E+2	4.456E+0	0.000E+0	5.044E+0
2.740E+2	4.442E+0	0.000E+0	5.131E+0
2.750E+2	4.429E+0	0.000E+0	4.482E+0
2.760E+2	4.415E+0	0.000E+0	5.009E+0
2.770E+2	4.402E+0	0.000E+0	4.485E+0
2.780E+2	4.388E+0	0.000E+0	4.613E+0
2.790E+2	4.374E+0	0.000E+0	4.882E+0
2.800E+2	4.361E+0	0.000E+0	4.943E+0
2.810E+2	4.347E+0	0.000E+0	4.630E+0
2.820E+2	4.334E+0	0.000E+0	4.822E+0
2.830E+2	4.320E+0	0.000E+0	4.594E+0
2.840E+2	4.306E+0	0.000E+0	4.238E+0
2.850E+2	4.293E+0	0.000E+0	4.720E+0
2.860E+2	4.279E+0	0.000E+0	4.806E+0
2.870E+2	4.265E+0	0.000E+0	4.795E+0
2.880E+2	4.252E+0	0.000E+0	4.903E+0
2.890E+2	4.238E+0	0.000E+0	4.604E+0
2.900E+2	4.224E+0	0.000E+0	4.712E+0
2.910E+2	4.211E+0	0.000E+0	4.275E+0
2.920E+2	4.197E+0	0.000E+0	4.673E+0
2.930E+2	4.183E+0	0.000E+0	4.422E+0
2.940E+2	4.170E+0	0.000E+0	4.563E+0
2.950E+2	4.156E+0	0.000E+0	4.376E+0
2.960E+2	4.142E+0	0.000E+0	4.225E+0
2.970E+2	4.128E+0	0.000E+0	4.620E+0
2.980E+2	4.115E+0	0.000E+0	4.660E+0
2.990E+2	4.101E+0	0.000E+0	4.432E+0
3.000E+2	4.087E+0	0.000E+0	4.727E+0
3.010E+2	4.073E+0	0.000E+0	4.450E+0
3.020E+2	4.060E+0	0.000E+0	4.440E+0
3.030E+2	4.046E+0	0.000E+0	4.611E+0
3.040E+2	4.032E+0	0.000E+0	4.415E+0
3.050E+2	4.019E+0	0.000E+0	4.487E+0
3.060E+2	4.005E+0	0.000E+0	4.446E+0
3.070E+2	3.991E+0	0.000E+0	4.149E+0
3.080E+2	3.978E+0	0.000E+0	4.151E+0
3.090E+2	3.964E+0	0.000E+0	4.409E+0
3.100E+2	3.950E+0	0.000E+0	4.357E+0
3.110E+2	3.937E+0	0.000E+0	4.281E+0
3.120E+2	3.923E+0	0.000E+0	4.043E+0
3.130E+2	3.909E+0	0.000E+0	4.166E+0
3.140E+2	3.896E+0	0.000E+0	4.230E+0
3.150E+2	3.882E+0	0.000E+0	4.307E+0
3.160E+2	3.868E+0	0.000E+0	3.770E+0
3.170E+2	3.855E+0	0.000E+0	3.893E+0
3.180E+2	3.841E+0	0.000E+0	4.388E+0
3.190E+2	3.827E+0	0.000E+0	4.239E+0
3.200E+2	3.814E+0	0.000E+0	4.396E+0
3.210E+2	3.800E+0	0.000E+0	3.919E+0
3.220E+2	3.787E+0	0.000E+0	4.586E+0
3.230E+2	3.773E+0	0.000E+0	3.966E+0
3.240E+2	3.759E+0	0.000E+0	4.200E+0
3.250E+2	3.746E+0	0.000E+0	4.059E+0
3.260E+2	3.732E+0	0.000E+0	3.770E+0
3.270E+2	3.719E+0	0.000E+0	4.122E+0
3.280E+2	3.705E+0	0.000E+0	4.387E+0
3.290E+2	3.692E+0	0.000E+0	4.051E+0
3.300E+2	3.678E+0	0.000E+0	4.117E+0
3.310E+2	3.665E+0	0.000E+0	4.445E+0
3.320E+2	3.652E+0	0.000E+0	4.296E+0
3.330E+2	3.638E+0	0.000E+0	4.046E+0
3.340E+2	3.625E+0	0.000E+0	4.200E+0
3.350E+2	3.611E+0	0.000E+0	4.003E+0
3.360E+2	3.598E+0	0.000E+0	4.216E+0
3.370E+2	3.585E+0	0.000E+0	3.906E+0
3.380E+2	3.571E+0	0.000E+0	4.509E+0
3.390E+2	3.558E+0	0.000E+0	4.145E+0
3.400E+2	3.545E+0	0.000E+0	4.130E+0
3.410E+2	3.531E+0	0.000E+0	3.935E+0
3.420E+2	3.518E+0	0.000E+0	3.632E+0
3.430E+2	3.505E+0	0.000E+0	3.869E+0
3.440E+2	3.492E+0	0.000E+0	3.866E+0
3.450E+2	3.479E+0	0.000E+0	3.723E+0
3.460E+2	3.465E+0	0.000E+0	3.888E+0
3.470E+2	3.452E+0	0.000E+0	3.588E+0
3.480E+2	3.439E+0	0.000E+0	4.109E+0
3.490E+2	3.426E+0	0.000E+0	3.821E+0
3.500E+2	3.413E+0	0.000E+0	3.704E+0
3.510E+2	3.400E+0	0.000E+0	4.285E+0
3.520E+2	3.387E+0	0.000E+0	3.977E+0
3.530E+2	3.374E+0	0.000E+0	4.220E+0
3.540E+2	3.361E+0	0.000E+0	3.594E+0
3.550E+2	3.348E+0	0.000E+0	4.024E+0
3.560E+2	3.335E+0	0.000E+0	3.932E+0
3.570E+2	3.322E+0	0.000E+0	3.587E+0
3.580E+2	3.309E+0	0.000E+0	3.962E+0
3.590E+2	3.296E+0	0.000E+0	3.456E+0
3.600E+2	3.283E+0	0.000E+0	3.720E+0
3.610E+2	3.270E+0	0.000E+0	3.882E+0
3.620E+2	3.258E+0	0.000E+0	3.705E+0
3.630E+2	3.245E+0	0.000E+0	3.443E+0
3.640E+2	3.232E+0	0.000E+0	3.746E+0
3.650E+2	3.219E+0	0.000E+0	4.102E+0
3.660E+2	3.207E+0	0.000E+0	3.774E+0
3.670E+2	3.194E+0	0.000E+0	3.631E+0
3.680E+2	3.181E+0	0.000E+0	3.631E+0
3.690E+2	3.169E+0	0.000E+0	3.738E+0
3.700E+2	3.156E+0	0.000E+0	3.857E+0
3.710E+2	3.144E+0	0.000E+0	3.410E+0
3.720E+2	3.131E+0	0.000E+0	3.585E+0
3.730E+2	3.118E+0	0.000E+0	3.507E+0
3.740E+2	3.106E+0	0.000E+0	3.304E+0
3.750E+2	3.094E+0	0.000E+0	3.613E+0
3.760E+2	3.081E+0	0.000E+0	3.634E+0
3.770E+2	3.069E+0	0.000E+0	3.529E+0
3.780E+2	3.056E+0	0.000E+0	3.691E+0
3.790E+2	3.044E+0	0.000E+0	3.574E+0
3.800E+2	3.032E+0	0.000E+0	3.318E+0
3.810E+2	3.019E+0	0.000E+0	3.355E+0
3.820E+2	3.007E+0	0.000E+0	3.325E+0
3.830E+2	2.995E+0	0.000E+0	3.597E+0
3.840E+2	2.983E+0	0.000E+0	3.398E+0
3.850E+2	2.971E+0	0.000E+0	3.674E+0
3.860E+2	2.958E+0	0.000E+0	3.683E+0
3.870E+2	2.946E+0	0.000E+0	3.288E+0
3.880E+2	2.934E+0	0.000E+0	3.412E+0
3.890E+2	2.922E+0	0.000E+0	3.476E+0
3.900E+2	2.910E+0	0.000E+0	3.085E+0
3.910E+2	2.898E+0	0.000E+0	3.137E+0
3.920E+2	2.886E+0	0.000E+0	3.281E+0
3.930E+2	2.874E+0	0.000E+0	3.120E+0
3.940E+2	2.862E+0	0.000E+0	3.663E+0
3.950E+2	2.850E+0	0.000E+0	3.462E+0
3.960E+2	2.839E+0	0.000E+0	3.392E+0
3.970E+2	2.827E+0	0.000E+0	3.342E+0
3.980E+2	2.815E+0	0.000E+0	3.251E+0
3.990E+2	2.803E+0	0.000E+0	3.128E+0
4.000E+2	2.792E+0	0.000E+0	3.386E+0
4.010E+2	2.780E+0	0.000E+0	3.292E+0
4.020E+2	2.768E+0	0.000E+0	3.245E+0
4.030E+2	2.757E+0	0.000E+0	3.360E+0
4.040E+2	2.745E+0	0.000E+0	3.176E+0
4.050E+2	2.734E+0	0.000E+0	3.311E+0
4.060E+2	2.722E+0	0.000E+0	2.804E+0
4.070E+2	2.711E+0	0.000E+0	3.607E+0
4.080E+2	2.699E+0	0.000E+0	3.486E+0
4.090E+2	2.688E+0	0.000E+0	2.927E+0
4.100E+2	2.676E+0	0.000E+0	3.177E+0
4.110E+2	2.665E+0	0.000E+0	3.279E+0
4.120E+2	2.654E+0	0.000E+0	2.706E+0
4.130E+2	2.642E+0	0.000E+0	3.252E+0
4.140E+2	2.631E+0	0.000E+0	3.218E+0
4.150E+2	2.620E+0	0.000E+0	3.066E+0
4.160E+2	2.609E+0	0.000E+0	3.059E+0
4.170E+2	2.597E+0	0.000E+0	3.223E+0
4.180E+2	2.586E+0	0.000E+0	3.016E+0
4.190E+2	2.575E+0	0.000E+0	3.050E+0
4.200E+2	2.564E+0	0.000E+0	2.866E+0
4.210E+2	2.553E+0	0.000E+0	2.809E+0
4.220E+2	2.542E+0	0.000E+0	2.947E+0
4.230E+2	2.531E+0	0.000E+0	2.667E+0
4.240E+2	2.520E+0	0.000E+0	3.167E+0
4.250E+2	2.509E+0	0.000E+0	2.855E+0
4.260E+2	2.498E+0	0.000E+0	3.044E+0
4.270E+2	2.488E+0	0.000E+0	3.175E+0
4.280E+2	2.477E+0	0.000E+0	2.848E+0
4.290E+2	2.466E+0	0.000E+0	3.024E+0
4.300E+2	2.455E+0	0.000E+0	2.704E+0
4.310E+2	2.445E+0	0.000E+0	3.280E+0
4.320E+2	2.434E+0	0.000E+0	2.605E+0
4.330E+2	2.423E+0	0.000E+0	2.976E+0
4.340E+2	2.413E+0	0.000E+0	3.213E+0
4.350E+2	2.402E+0	0.000E+0	3.127E+0
4.360E+2	2.392E+0	0.000E+0	2.930E+0
4.370E+2	2.381E+0	0.000E+0	2.823E+0
4.380E+2	2.371E+0	0.000E+0	2.594E+0
4.390E+2	2.360E+0	0.000E+0	2.991E+0
4.400E+2	2.350E+0	0.000E+0	2.652E+0
4.410E+2	2.340E+0	0.000E+0	2.673E+0
4.420E+2	2.329E+0	0.000E+0	2.697E+0
4.430E+2	2.319E+0	0.000E+0	2.833E+0
4.440E+2	2.309E+0	0.000E+0	2.766E+0
4.450E+2	2.298E+0	0.000E+0	2.774E+0
4.460E+2	2.288E+0	0.000E+0	2.530E+0
4.470E+2	2.278E+0	0.000E+0	2.868E+0
4.480E+2	2.268E+0	0.000E+0	2.489E+0
4.490E+2	2.258E+0	0.000E+0	2.687E+0
4.500E+2	2.248E+0	0.000E+0	2.724E+0
4.510E+2	2.238E+0	0.000E+0	2.517E+0
4.520E+2	2.228E+0	0.000E+0	2.640E+0
4.530E+2	2.218E+0	0.000E+0	2.560E+0
4.540E+2	2.208E+0	0.000E+0	2.907E+0
4.550E+2	2.198E+0	0.000E+0	2.534E+0
4.560E+2	2.188E+0	0.000E+0	2.689E+0
4.570E+2	2.178E+0	0.000E+0	2.920E+0
4.580E+2	2.169E+0	0.000E+0	2.552E+0
4.590E+2	2.159E+0	0.000E+0	2.729E+0
4.600E+2	2.149E+0	0.000E+0	2.767E+0
4.610E+2	2.139E+0	0.000E+0	2.919E+0
4.620E+2	2.130E+0	0.000E+0	2.441E+0
4.630E+2	2.120E+0	0.000E+0	2.595E+0
4.640E+2	2.111E+0	0.000E+0	2.676E+0
4.650E+2	2.101E+0	0.000E+0	2.699E+0
4.660E+2	2.091E+0	0.000E+0	2.417E+0
4.670E+2	2.082E+0	0.000E+0	2.799E+0
4.680E+2	2.073E+0	0.000E+0	2.450E+0
4.690E+2	2.063E+0	0.000E+0	2.445E+0
4.700E+2	2.054E+0	0.000E+0	2.383E+0
4.710E+2	2.044E+0	0.000E+0	2.387E+0
4.720E+2	2.035E+0	0.000E+0	2.498E+0
4.730E+2	2.026E+0	0.000E+0	2.555E+0
4.740E+2	2.017E+0	0.000E+0	2.084E+0
4.750E+2	2.007E+0	0.000E+0	2.188E+0
4.760E+2	1.998E+0	0.000E+0	2.627E+0
4.770E+2	1.989E+0	0.000E+0	2.390E+0
4.780E+2	1.980E+0	0.000E+0	2.552E+0
4.790E+2	1.971E+0	0.000E+0	2.449E+0
4.800E+2	1.962E+0	0.000E+0	2.843E+0
4.810E+2	1.953E+0	0.000E+0	2.104E+0
4.820E+2	1.944E+0	0.000E+0	2.866E+0
4.830E+2	1.935E+0	0.000E+0	1.981E+0
4.840E+2	1.926E+0	0.000E+0	2.682E+0
4.850E+2	1.917E+0	0.000E+0	2.431E+0
4.860E+2	1.908E+0	0.000E+0	2.129E+0
4.870E+2	1.899E+0	0.000E+0	2.337E+0
4.880E+2	1.890E+0	0.000E+0	2.222E+0
4.890E+2	1.882E+0	0.000E+0	2.587E+0
4.900E+2	1.873E+0	0.000E+0	2.301E+0
4.910E+2	1.864E+0	0.000E+0	2.388E+0
4.920E+2	1.856E+0	0.000E+0	2.315E+0
4.930E+2	1.847E+0	0.000E+0	2.181E+0
4.940E+2	1.838E+0	0.000E+0	2.258E+0
4.950E+2	1.830E+0	0.000E+0	2.444E+0
4.960E+2	1.821E+0	0.000E+0	2.119E+0
4.970E+2	1.813E+0	0.000E+0	2.181E+0
4.980E+2	1.804E+0	0.000E+0	2.268E+0
4.990E+2	1.796E+0	0.000E+0	2.066E+0
5.000E+2	1.788E+0	0.000E+0	1.903E+0
5.010E+2	1.779E+0	0.000E+0	2.280E+0
5.020E+2	1.771E+0	0.000E+0	2.135E+0
5.030E+2	1.763E+0	0.000E+0	2.164E+0
5.040E+2	1.754E+0	0.000E+0	2.394E+0
5.050E+2	1.746E+0	0.000E+0	2.413E+0
5.060E+2	1.738E+0	0.000E+0	2.325E+0
5.070E+2	1.730E+0	0.000E+0	2.080E+0
5.080E+2	1.722E+0	0.000E+0	2.043E+0
5.090E+2	1.713E+0	0.000E+0	2.234E+0
5.100E+2	1.705E+0	0.000E+0	2.195E+0
5.110E+2	1.697E+0	0.000E+0	2.186E+0
5.120E+2	1.689E+0	0.000E+0	1.938E+0
5.130E+2	1.681E+0	0.000E+0	2.015E+0
5.140E+2	1.673E+0	0.000E+0	2.287E+0
5.150E+2	1.665E+0	0.000E+0	1.924E+0
5.160E+2	1.658E+0	0.000E+0	1.950E+0
5.170E+2	1.650E+0	0.000E+0	2.246E+0
5.180E+2	1.642E+0	0.000E+0	2.151E+0
5.190E+2	1.634E+0	0.000E+0	2.266E+0
5.200E+2	1.626E+0	0.000E+0	2.080E+0
5.210E+2	1.619E+0	0.000E+0	1.823E+0
5.220E+2	1.611E+0	0.000E+0	1.988E+0
5.230E+2	1.603E+0	0.000E+0	1.986E+0
5.240E+2	1.596E+0	0.000E+0	1.808E+0
5.250E+2	1.588E+0	0.000E+0	1.934E+0
5.260E+2	1.580E+0	0.000E+0	1.615E+0
5.270E+2	1.573E+0	0.000E+0	1.855E+0
5.280E+2	1.565E+0	0.000E+0	1.489E+0
5.290E+2	1.558E+0	0.000E+0	1.734E+0
5.300E+2	1.550E+0	0.000E+0	1.537E+0
5.310E+2	1.543E+0	0.000E+0	2.028E+0
5.320E+2	1.535E+0	0.000E+0	1.883E+0
5.330E+2	1.528E+0	0.000E+0	2.321E+0
5.340E+2	1.521E+0	0.000E+0	1.890E+0
5.350E+2	1.513E+0	0.000E+0	2.293E+0
5.360E+2	1.506E+0	0.000E+0	1.843E+0
5.370E+2	1.499E+0	0.000E+0	1.919E+0
5.380E+2	1.492E+0	0.000E+0	1.760E+0
5.390E+2	1.485E+0	0.000E+0	2.091E+0
5.400E+2	1.477E+0	0.000E+0	1.974E+0
5.410E+2	1.470E+0	0.000E+0	1.848E+0
5.420E+2	1.463E+0	0.000E+0	1.869E+0
5.430E+2	1.456E+0	0.000E+0	1.929E+0
5.440E+2	1.449E+0	0.000E+0	2.385E+0
5.450E+2	1.442E+0	0.000E+0	1.630E+0
5.460E+2	1.435E+0	0.000E+0	1.935E+0
5.470E+2	1.428E+0	0.000E+0	1.852E+0
5.480E+2	1.421E+0	0.000E+0	1.971E+0
5.490E+2	1.414E+0	0.000E+0	2.114E+0
5.500E+2	1.407E+0	0.000E+0	2.006E+0
5.510E+2	1.401E+0	0.000E+0	1.551E+0
5.520E+2	1.394E+0	0.000E+0	1.896E+0
5.530E+2	1.387E+0	0.000E+0	1.516E+0
5.540E+2	1.380E+0	0.000E+0	1.729E+0
5.550E+2	1.373E+0	0.000E+0	1.812E+0
5.560E+2	1.367E+0	0.000E+0	1.603E+0
5.570E+2	1.360E+0	0.000E+0	1.657E+0
5.580E+2	1.353E+0	0.000E+0	2.023E+0
5.590E+2	1.347E+0	0.000E+0	1.535E+0
5.600E+2	1.340E+0	0.000E+0	2.284E+0
5.610E+2	1.334E+0	0.000E+0	1.784E+0
5.620E+2	1.327E+0	0.000E+0	1.585E+0
5.630E+2	1.321E+0	0.000E+0	1.942E+0
5.640E+2	1.314E+0	0.000E+0	1.478E+0
5.650E+2	1.308E+0	0.000E+0	1.765E+0
5.660E+2	1.301E+0	0.000E+0	1.702E+0
5.670E+2	1.295E+0	0.000E+0	1.926E+0
5.680E+2	1.289E+0	0.000E+0	1.307E+0
5.690E+2	1.282E+0	0.000E+0	1.498E+0
5.700E+2	1.276E+0	0.000E+0	1.247E+0
5.710E+2	1.270E+0	0.000E+0	1.660E+0
5.720E+2	1.263E+0	0.000E+0	1.832E+0
5.730E+2	1.257E+0	0.000E+0	1.502E+0
5.740E+2	1.251E+0	0.000E+0	1.497E+0
5.750E+2	1.245E+0	0.000E+0	1.674E+0
5.760E+2	1.239E+0	0.000E+0	1.492E+0
5.770E+2	1.232E+0	0.000E+0	1.769E+0
5.780E+2	1.226E+0	0.000E+0	1.582E+0
5.790E+2	1.220E+0	0.000E+0	1.113E+0
5.800E+2	1.214E+0	0.000E+0	1.524E+0
5.810E+2	1.208E+0	0.000E+0	1.608E+0
5.820E+2	1.202E+0	0.000E+0	1.625E+0
5.830E+2	1.196E+0	0.000E+0	2.004E+0
5.840E+2	1.190E+0	0.000E+0	1.253E+0
5.850E+2	1.184E+0	0.000E+0	1.766E+0
5.860E+2	1.179E+0	0.000E+0	1.668E+0
5.870E+2	1.173E+0	0.000E+0	1.623E+0
5.880E+2	1.167E+0	0.000E+0	1.742E+0
5.890E+2	1.161E+0	0.000E+0	1.582E+0
5.900E+2	1.155E+0	0.000E+0	1.187E+0
5.910E+2	1.150E+0	0.000E+0	1.418E+0
5.920E+2	1.144E+0	0.000E+0	1.325E+0
5.930E+2	1.138E+0	0.000E+0	1.576E+0
5.940E+2	1.132E+0	0.000E+0	1.716E+0
5.950E+2	1.127E+0	0.000E+0	1.387E+0
5.960E+2	1.121E+0	0.000E+0	1.490E+0
5.970E+2	1.116E+0	0.000E+0	1.625E+0
5.980E+2	1.110E+0	0.000E+0	1.874E+0
5.990E+2	1.104E+0	0.000E+0	1.267E+0
6.000E+2	1.099E+0	0.000E+0	1.346E+0
6.010E+2	1.093E+0	0.000E+0	1.578E+0
6.020E+2	1.088E+0	0.000E+0	1.158E+0
6.030E+2	1.082E+0	0.000E+0	1.504E+0
6.040E+2	1.077E+0	0.000E+0	1.165E+0
6.050E+2	1.072E+0	0.000E+0	1.155E+0
6.060E+2	1.066E+0	0.000E+0	1.421E+0
6.070E+2	1.061E+0	0.000E+0	1.589E+0
6.080E+2	1.055E+0	0.000E+0	1.644E+0
6.090E+2	1.050E+0	0.000E+0	1.826E+0
6.100E+2	1.045E+0	0.000E+0	1.465E+0
6.110E+2	1.040E+0	0.000E+0	1.642E+0
6.120E+2	1.034E+0	0.000E+0	1.683E+0
6.130E+2	1.029E+0	0.000E+0	1.305E+0
6.140E+2	1.024E+0	0.000E+0	1.267E+0
6.150E+2	1.019E+0	0.000E+0	1.540E+0
6.160E+2	1.014E+0	0.000E+0	1.408E+0
6.170E+2	1.009E+0	0.000E+0	1.305E+0
6.180E+2	1.003E+0	0.000E+0	1.294E+0
6.190E+2	9.983E-1	0.000E+0	1.473E+0
6.200E+2	9.933E-1	0.000E+0	1.321E+0
6.210E+2	9.883E-1	0.000E+0	1.057E+0
6.220E+2	9.832E-1	0.000E+0	1.589E+0
6.230E+2	9.783E-1	0.000E+0	1.386E+0
6.240E+2	9.733E-1	0.000E+0	1.346E+0
6.250E+2	9.684E-1	0.000E+0	1.511E+0
6.260E+2	9.634E-1	0.000E+0	1.305E+0
6.270E+2	9.585E-1	0.000E+0	1.097E+0
6.280E+2	9.537E-1	0.000E+0	1.367E+0
6.290E+2	9.488E-1	0.000E+0	1.194E+0
6.300E+2	9.440E-1	0.000E+0	1.245E+0
6.310E+2	9.392E-1	0.000E+0	1.228E+0
6.320E+2	9.344E-1	0.000E+0	1.502E+0
6.330E+2	9.296E-1	0.000E+0	1.404E+0
6.340E+2	9.249E-1	0.000E+0	1.273E+0
6.350E+2	9.202E-1	0.000E+0	1.432E+0
6.360E+2	9.155E-1	0.000E+0	1.193E+0
6.370E+2	9.108E-1	0.000E+0	1.465E+0
6.380E+2	9.062E-1	0.000E+0	1.138E+0
6.390E+2	9.015E-1	0.000E+0	1.416E+0
6.400E+2	8.969E-1	0.000E+0	1.370E+0
6.410E+2	8.923E-1	0.000E+0	1.480E+0
6.420E+2	8.878E-1	0.000E+0	1.756E+0
6.430E+2	8.832E-1	0.000E+0	1.329E+0
6.440E+2	8.787E-1	0.000E+0	1.289E+0
6.450E+2	8.742E-1	0.000E+0	6.750E-1
6.460E+2	8.697E-1	0.000E+0	1.129E+0
6.470E+2	8.653E-1	0.000E+0	1.060E+0
6.480E+2	8.608E-1	0.000E+0	1.061E+0
6.490E+2	8.564E-1	0.000E+0	1.030E+0
6.500E+2	8.520E-1	0.000E+0	1.202E+0
6.510E+2	8.476E-1	0.000E+0	1.229E+0
6.520E+2	8.433E-1	0.000E+0	1.027E+0
6.530E+2	8.389E-1	0.000E+0	1.329E+0
6.540E+2	8.346E-1	0.000E+0	1.455E+0
6.550E+2	8.303E-1	0.000E+0	1.168E+0
6.560E+2	8.260E-1	0.000E+0	1.392E+0
6.570E+2	8.218E-1	0.000E+0	1.224E+0
6.580E+2	8.175E-1	0.000E+0	7.816E-1
6.590E+2	8.133E-1	0.000E+0	1.301E+0
6.600E+2	8.091E-1	0.000E+0	1.190E+0
6.610E+2	8.050E-1	0.000E+0	1.228E+0
6.620E+2	8.008E-1	0.000E+0	1.077E+0
6.630E+2	7.967E-1	0.000E+0	8.495E-1
6.640E+2	7.925E-1	0.000E+0	1.250E+0
6.650E+2	7.885E-1	0.000E+0	1.319E+0
6.660E+2	7.844E-1	0.000E+0	1.639E+0
6.670E+2	7.803E-1	0.000E+0	1.025E+0
6.680E+2	7.763E-1	0.000E+0	1.538E+0
6.690E+2	7.723E-1	0.000E+0	8.406E-1
6.700E+2	7.682E-1	0.000E+0	1.064E+0
6.710E+2	7.643E-1	0.000E+0	1.092E+0
6.720E+2	7.603E-1	0.000E+0	9.255E-1
6.730E+2	7.564E-1	0.000E+0	1.148E+0
6.740E+2	7.524E-1	0.000E+0	1.143E+0
6.750E+2	7.485E-1	0.000E+0	1.299E+0
6.760E+2	7.446E-1	0.000E+0	1.153E+0
6.770E+2	7.408E-1	0.000E+0	1.108E+0
6.780E+2	7.369E-1	0.000E+0	1.435E+0
6.790E+2	7.331E-1	0.000E+0	6.906E-1
6.800E+2	7.293E-1	0.000E+0	7.929E-1
6.810E+2	7.255E-1	0.000E+0	6.565E-1
6.820E+2	7.217E-1	0.000E+0	8.057E-1
6.830E+2	7.179E-1	0.000E+0	9.660E-1
6.840E+2	7.142E-1	0.000E+0	1.001E+0
6.850E+2	7.105E-1	0.000E+0	1.167E+0
6.860E+2	7.068E-1	0.000E+0	1.158E+0
6.870E+2	7.031E-1	0.000E+0	1.018E+0
6.880E+2	6.994E-1	0.000E+0	1.063E+0
6.890E+2	6.957E-1	0.000E+0	8.986E-1
6.900E+2	6.921E-1	0.000E+0	6.633E-1
6.910E+2	6.885E-1	0.000E+0	9.871E-1
6.920E+2	6.849E-1	0.000E+0	1.050E+0
6.930E+2	6.813E-1	0.000E+0	7.485E-1
6.940E+2	6.777E-1	0.000E+0	8.502E-1
6.950E+2	6.742E-1	0.000E+0	8.803E-1
6.960E+2	6.707E-1	0.000E+0	9.078E-1
6.970E+2	6.671E-1	0.000E+0	1.237E+0
6.980E+2	6.637E-1	0.000E+0	1.278E+0
6.990E+2	6.602E-1	0.000E+0	1.163E+0
7.000E+2	6.567E-1	0.000E+0	6.965E-1
7.010E+2	6.533E-1	0.000E+0	9.494E-1
7.020E+2	6.498E-1	0.000E+0	7.549E-1
7.030E+2	6.464E-1	0.000E+0	1.038E+0
7.040E+2	6.430E-1	0.000E+0	7.743E-1
7.050E+2	6.396E-1	0.000E+0	1.159E+0
7.060E+2	6.363E-1	0.000E+0	8.484E-1
7.070E+2	6.329E-1	0.000E+0	1.192E+0
7.080E+2	6.296E-1	0.000E+0	8.790E-1
7.090E+2	6.263E-1	0.000E+0	7.293E-1
7.100E+2	6.230E-1	0.000E+0	8.420E-1
7.110E+2	6.197E-1	0.000E+0	8.663E-1
7.120E+2	6.164E-1	0.000E+0	8.561E-1
7.130E+2	6.132E-1	0.000E+0	7.836E-1
7.140E+2	6.100E-1	0.000E+0	9.747E-1
7.150E+2	6.067E-1	0.000E+0	1.177E+0
7.160E+2	6.035E-1	0.000E+0	1.083E+0
7.170E+2	6.004E-1	0.000E+0	6.243E-1
7.180E+2	5.972E-1	0.000E+0	6.714E-1
7.190E+2	5.940E-1	0.000E+0	5.392E-1
7.200E+2	5.909E-1	0.000E+0	9.640E-1
7.210E+2	5.878E-1	0.000E+0	1.048E+0
7.220E+2	5.847E-1	0.000E+0	6.516E-1
7.230E+2	5.816E-1	0.000E+0	9.423E-1
7.240E+2	5.785E-1	0.000E+0	7.883E-1
7.250E+2	5.754E-1	0.000E+0	6.564E-1
7.260E+2	5.724E-1	0.000E+0	7.938E-1
7.270E+2	5.693E-1	0.000E+0	8.748E-1
7.280E+2	5.663E-1	0.000E+0	7.164E-1
7.290E+2	5.633E-1	0.000E+0	7.826E-1
7.300E+2	5.603E-1	0.000E+0	7.211E-1
7.310E+2	5.574E-1	0.000E+0	5.388E-1
7.320E+2	5.544E-1	0.000E+0	9.436E-1
7.330E+2	5.515E-1	0.000E+0	9.126E-1
7.340E+2	5.485E-1	0.000E+0	7.911E-1
7.350E+2	5.456E-1	0.000E+0	9.327E-1
7.360E+2	5.427E-1	0.000E+0	7.962E-1
7.370E+2	5.398E-1	0.000E+0	7.766E-1
7.380E+2	5.370E-1	0.000E+0	8.475E-1
7.390E+2	5.341E-1	0.000E+0	5.420E-1
7.400E+2	5.313E-1	0.000E+0	5.290E-1
7.410E+2	5.284E-1	0.000E+0	1.108E+0
7.420E+2	5.256E-1	0.000E+0	5.560E-1
7.430E+2	5.228E-1	0.000E+0	8.170E-1
7.440E+2	5.200E-1	0.000E+0	1.053E+0
7.450E+2	5.173E-1	0.000E+0	9.228E-1
7.460E+2	5.145E-1	0.000E+0	5.704E-1
7.470E+2	5.117E-1	0.000E+0	7.115E-1
7.480E+2	5.090E-1	0.000E+0	6.568E-1
7.490E+2	5.063E-1	0.000E+0	8.582E-1
7.500E+2	5.036E-1	0.000E+0	7.566E-1
7.510E+2	5.009E-1	0.000E+0	5.080E-1
7.520E+2	4.982E-1	0.000E+0	6.234E-1
7.530E+2	4.956E-1	0.000E+0	7.192E-1
7.540E+2	4.929E-1	0.000E+0	4.424E-1
7.550E+2	4.903E-1	0.000E+0	1.077E+0
7.560E+2	4.877E-1	0.000E+0	8.476E-1
7.570E+2	4.850E-1	0.000E+0	6.703E-1
7.580E+2	4.824E-1	0.000E+0	3.899E-1
7.590E+2	4.799E-1	0.000E+0	6.868E-1
7.600E+2	4.773E-1	0.000E+0	3.919E-1
7.610E+2	4.747E-1	0.000E+0	6.360E-1
7.620E+2	4.722E-1	0.000E+0	5.696E-1
7.630E+2	4.697E-1	0.000E+0	1.157E+0
7.640E+2	4.671E-1	0.000E+0	5.399E-1
7.650E+2	4.646E-1	0.000E+0	2.428E-1
7.660E+2	4.621E-1	0.000E+0	7.345E-1
7.670E+2	4.597E-1	0.000E+0	4.566E-1
7.680E+2	4.572E-1	0.000E+0	9.049E-1
7.690E+2	4.547E-1	0.000E+0	7.697E-1
7.700E+2	4.523E-1	0.000E+0	6.172E-1
7.710E+2	4.499E-1	0.000E+0	6.149E-1
7.720E+2	4.474E-1	0.000E+0	7.490E-1
7.730E+2	4.450E-1	0.000E+0	9.631E-1
7.740E+2	4.426E-1	0.000E+0	5.826E-1
7.750E+2	4.402E-1	0.000E+0	6.600E-1
7.760E+2	4.379E-1	0.000E+0	9.234E-1
7.770E+2	4.355E-1	0.000E+0	6.711E-1
7.780E+2	4.332E-1	0.000E+0	1.063E+0
7.790E+2	4.308E-1	0.000E+0	7.889E-1
7.800E+2	4.285E-1	0.000E+0	4.512E-1
7.810E+2	4.262E-1	0.000E+0	9.617E-1
7.820E+2	4.239E-1	0.000E+0	7.695E-1
7.830E+2	4.216E-1	0.000E+0	4.798E-1
7.840E+2	4.193E-1	0.000E+0	9.373E-1
7.850E+2	4.171E-1	0.000E+0	5.967E-1
7.860E+2	4.148E-1	0.000E+0	6.241E-1
7.870E+2	4.126E-1	0.000E+0	3.980E-1
7.880E+2	4.103E-1	0.000E+0	8.096E-1
7.890E+2	4.081E-1	0.000E+0	8.386E-1
7.900E+2	4.059E-1	0.000E+0	7.589E-1
7.910E+2	4.037E-1	0.000E+0	5.301E-1
7.920E+2	4.015E-1	0.000E+0	7.411E-1
7.930E+2	3.994E-1	0.000E+0	4.696E-1
7.940E+2	3.972E-1	0.000E+0	5.433E-1
7.950E+2	3.951E-1	0.000E+0	3.278E-2
7.960E+2	3.929E-1	0.000E+0	6.364E-1
7.970E+2	3.908E-1	0.000E+0	8.416E-1
7.980E+2	3.887E-1	0.000E+0	9.687E-1
7.990E+2	3.866E-1	0.000E+0	3.860E-1
8.000E+2	3.845E-1	0.000E+0	1.653E-1
8.010E+2	3.824E-1	0.000E+0	8.551E-1
8.020E+2	3.803E-1	0.000E+0	8.362E-1
8.030E+2	3.782E-1	0.000E+0	1.058E+0
8.040E+2	3.762E-1	0.000E+0	5.383E-1
8.050E+2	3.741E-1	0.000E+0	6.464E-1
8.060E+2	3.721E-1	0.000E+0	6.073E-1
8.070E+2	3.701E-1	0.000E+0	3.204E-1
8.080E+2	3.681E-1	0.000E+0	7.468E-1
8.090E+2	3.661E-1	0.000E+0	5.964E-1
8.100E+2	3.641E-1	0.000E+0	3.335E-1
8.110E+2	3.621E-1	0.000E+0	9.478E-1
8.120E+2	3.601E-1	0.000E+0	5.084E-1
8.130E+2	3.582E-1	0.000E+0	3.472E-1
8.140E+2	3.562E-1	0.000E+0	2.418E-1
8.150E+2	3.543E-1	0.000E+0	5.292E-1
8.160E+2	3.524E-1	0.000E+0	5.643E-1
8.170E+2	3.504E-1	0.000E+0	6.532E-1
8.180E+2	3.485E-1	0.000E+0	3.724E-1
8.190E+2	3.466E-1	0.000E+0	5.534E-1
8.200E+2	3.447E-1	0.000E+0	5.314E-1
8.210E+2	3.428E-1	0.000E+0	5.928E-1
8.220E+2	3.410E-1	0.000E+0	5.053E-1
8.230E+2	3.391E-1	0.000E+0	7.200E-1
8.240E+2	3.373E-1	0.000E+0	4.943E-1
8.250E+2	3.354E-1	0.000E+0	4.994E-1
8.260E+2	3.336E-1	0.000E+0	6.249E-1
8.270E+2	3.318E-1	0.000E+0	4.257E-1
8.280E+2	3.300E-1	0.000E+0	8.713E-1
8.290E+2	3.282E-1	0.000E+0	6.109E-1
8.300E+2	3.264E-1	0.000E+0	2.359E-1
8.310E+2	3.246E-1	0.000E+0	3.175E-1
8.320E+2	3.228E-1	0.000E+0	5.233E-1
8.330E+2	3.210E-1	0.000E+0	3.968E-1
8.340E+2	3.193E-1	0.000E+0	2.891E-1
8.350E+2	3.175E-1	0.000E+0	4.230E-1
8.360E+2	3.158E-1	0.000E+0	4.823E-1
8.370E+2	3.141E-1	0.000E+0	4.718E-1
8.380E+2	3.123E-1	0.000E+0	4.645E-1
8.390E+2	3.106E-1	0.000E+0	4.357E-1
8.400E+2	3.089E-1	0.000E+0	6.199E-2
8.410E+2	3.072E-1	0.000E+0	7.021E-1
8.420E+2	3.055E-1	0.000E+0	3.553E-1
8.430E+2	3.039E-1	0.000E+0	3.837E-1
8.440E+2	3.022E-1	0.000E+0	3.886E-1
8.450E+2	3.005E-1	0.000E+0	3.065E-1
8.460E+2	2.989E-1	0.000E+0	4.181E-1
8.470E+2	2.972E-1	0.000E+0	6.693E-1
8.480E+2	2.956E-1	0.000E+0	2.233E-1
8.490E+2	2.940E-1	0.000E+0	4.874E-1
8.500E+2	2.924E-1	0.000E+0	6.232E-1
8.510E+2	2.908E-1	0.000E+0	6.175E-1
8.520E+2	2.892E-1	0.000E+0	4.082E-1
8.530E+2	2.876E-1	0.000E+0	3.178E-1
8.540E+2	2.860E-1	0.000E+0	6.740E-1
8.550E+2	2.844E-1	0.000E+0	4.807E-1
8.560E+2	2.829E-1	0.000E+0	4.067E-1
8.570E+2	2.813E-1	0.000E+0	2.614E-1
8.580E+2	2.797E-1	0.000E+0	6.002E-1
8.590E+2	2.782E-1	0.000E+0	2.292E-1
8.600E+2	2.767E-1	0.000E+0	6.669E-1
8.610E+2	2.751E-1	0.000E+0	3.585E-1
8.620E+2	2.736E-1	0.000E+0	3.679E-1
8.630E+2	2.721E-1	0.000E+0	7.052E-1
8.640E+2	2.706E-1	0.000E+0	3.053E-1
8.650E+2	2.691E-1	0.000E+0	5.510E-1
8.660E+2	2.676E-1	0.000E+0	3.055E-1
8.670E+2	2.662E-1	0.000E+0	2.130E-1
8.680E+2	2.647E-1	0.000E+0	2.101E-1
8.690E+2	2.632E-1	0.000E+0	6.387E-1
8.700E+2	2.618E-1	0.000E+0	1.458E-2
8.710E+2	2.603E-1	0.000E+0	6.701E-2
8.720E+2	2.589E-1	0.000E+0	7.205E-1
8.730E+2	2.575E-1	0.000E+0	3.353E-1
8.740E+2	2.560E-1	0.000E+0	6.316E-1
8.750E+2	2.546E-1	0.000E+0	3.931E-1
8.760E+2	2.532E-1	0.000E+0	2.397E-1
8.770E+2	2.518E-1	0.000E+0	5.083E-1
8.780E+2	2.504E-1	0.000E+0	3.266E-1
8.790E+2	2.490E-1	0.000E+0	2.608E-1
8.800E+2	2.477E-1	0.000E+0	5.803E-1
8.810E+2	2.463E-1	0.000E+0	3.036E-1
8.820E+2	2.449E-1	0.000E+0	2.045E-1
8.830E+2	2.436E-1	0.000E+0	2.551E-1
8.840E+2	2.422E-1	0.000E+0	1.763E-1
8.850E+2	2.409E-1	0.000E+0	3.291E-1
8.860E+2	2.395E-1	0.000E+0	3.867E-1
8.870E+2	2.382E-1	0.000E+0	3.916E-1
8.880E+2	2.369E-1	0.000E+0	3.716E-1
8.890E+2	2.356E-1	0.000E+0	4.800E-1
8.900E+2	2.343E-1	0.000E+0	1.249E-1
8.910E+2	2.330E-1	0.000E+0	6.096E-1
8.920E+2	2.317E-1	0.000E+0	3.423E-1
8.930E+2	2.304E-1	0.000E+0	4.585E-1
8.940E+2	2.291E-1	0.000E+0	3.769E-1
8.950E+2	2.278E-1	0.000E+0	4.388E-1
8.960E+2	2.266E-1	0.000E+0	1.430E-1
8.970E+2	2.253E-1	0.000E+0	6.587E-1
8.980E+2	2.241E-1	0.000E+0	5.202E-1
8.990E+2	2.228E-1	0.000E+0	3.738E-1
9.000E+2	2.216E-1	0.000E+0	5.012E-1
9.010E+2	2.203E-1	0.000E+0	-4.594E-2
9.020E+2	2.191E-1	0.000E+0	4.344E-1
9.030E+2	2.179E-1	0.000E+0	4.257E-1
9.040E+2	2.167E-1	0.000E+0	4.559E-1
9.050E+2	2.155E-1	0.000E+0	4.413E-1
9.060E+2	2.143E-1	0.000E+0	5.242E-1
9.070E+2	2.131E-1	0.000E+0	1.093E-1
9.080E+2	2.119E-1	0.000E+0	2.739E-1
9.090E+2	2.107E-1	0.000E+0	1.075E-1
9.100E+2	2.095E-1	0.000E+0	1.027E-1
9.110E+2	2.084E-1	0.000E+0	3.323E-1
9.120E+2	2.072E-1	0.000E+0	3.185E-1
9.130E+2	2.060E-1	0.000E+0	5.079E-1
9.140E+2	2.049E-1	0.000E+0	5.939E-1
9.150E+2	2.038E-1	0.000E+0	2.752E-1
9.160E+2	2.026E-1	0.000E+0	1.526E-1
9.170E+2	2.015E-1	0.000E+0	4.382E-1
9.180E+2	2.004E-1	0.000E+0	2.283E-1
9.190E+2	1.992E-1	0.000E+0	6.004E-1
9.200E+2	1.981E-1	0.000E+0	2.802E-1
9.210E+2	1.970E-1	0.000E+0	4.279E-1
9.220E+2	1.959E-1	0.000E+0	4.191E-1
9.230E+2	1.948E-1	0.000E+0	4.229E-1
9.240E+2	1.937E-1	0.000E+0	4.738E-2
9.250E+2	1.927E-1	0.000E+0	5.836E-1
9.260E+2	1.916E-1	0.000E+0	2.562E-1
9.270E+2	1.905E-1	0.000E+0	3.192E-1
9.280E+2	1.894E-1	0.000E+0	4.103E-1
9.290E+2	1.884E-1	0.000E+0	2.208E-1
9.300E+2	1.873E-1	0.000E+0	5.978E-1
9.310E+2	1.863E-1	0.000E+0	3.198E-1
9.320E+2	1.852E-1	0.000E+0	-6.371E-2
9.330E+2	1.842E-1	0.000E+0	4.749E-1
9.340E+2	1.832E-1	0.000E+0	5.261E-1
9.350E+2	1.821E-1	0.000E+0	1.160E-1
9.360E+2	1.811E-1	0.000E+0	4.312E-1
9.370E+2	1.801E-1	0.000E+0	5.050E-1
9.380E+2	1.791E-1	0.000E+0	6.976E-1
9.390E+2	1.781E-1	0.000E+0	2.003E-1
9.400E+2	1.771E-1	0.000E+0	3.890E-1
9.410E+2	1.761E-1	0.000E+0	4.745E-1
9.420E+2	1.751E-1	0.000E+0	4.228E-1
9.430E+2	1.741E-1	0.000E+0	-5.700E-1
9.440E+2	1.731E-1	0.000E+0	3.770E-1
9.450E+2	1.722E-1	0.000E+0	2.731E-1
9.460E+2	1.712E-1	0.000E+0	3.108E-1
9.470E+2	1.702E-1	0.000E+0	8.461E-2
9.480E+2	1.693E-1	0.000E+0	4.454E-1
9.490E+2	1.683E-1	0.000E+0	3.596E-1
9.500E+2	1.674E-1	0.000E+0	2.185E-1
9.510E+2	1.664E-1	0.000E+0	3.445E-1
9.520E+2	1.655E-1	0.000E+0	6.144E-1
9.530E+2	1.646E-1	0.000E+0	3.783E-1
9.540E+2	1.637E-1	0.000E+0	2.086E-1
9.550E+2	1.627E-1	0.000E+0	4.518E-1
9.560E+2	1.618E-1	0.000E+0	-1.291E-1
9.570E+2	1.609E-1	0.000E+0	7.989E-3
9.580E+2	1.600E-1	0.000E+0	5.344E-1
9.590E+2	1.591E-1	0.000E+0	-9.578E-2
9.600E+2	1.582E-1	0.000E+0	3.231E-1
9.610E+2	1.573E-1	0.000E+0	2.855E-1
9.620E+2	1.564E-1	0.000E+0	2.324E-1
9.630E+2	1.555E-1	0.000E+0	4.266E-1
9.640E+2	1.547E-1	0.000E+0	3.017E-1
9.650E+2	1.538E-1	0.000E+0	-5.459E-2
9.660E+2	1.529E-1	0.000E+0	5.130E-1
9.670E+2	1.521E-1	0.000E+0	1.996E-1
9.680E+2	1.512E-1	0.000E+0	6.034E-2
9.690E+2	1.504E-1	0.000E+0	6.664E-2
9.700E+2	1.495E-1	0.000E+0	6.031E-1
9.710E+2	1.487E-1	0.000E+0	5.212E-1
9.720E+2	1.478E-1	0.000E+0	3.315E-1
9.730E+2	1.470E-1	0.000E+0	2.449E-1
9.740E+2	1.462E-1	0.000E+0	1.569E-1
9.750E+2	1.453E-1	0.000E+0	4.120E-1
9.760E+2	1.445E-1	0.000E+0	5.677E-2
9.770E+2	1.437E-1	0.000E+0	3.566E-1
9.780E+2	1.429E-1	0.000E+0	-4.023E-2
9.790E+2	1.421E-1	0.000E+0	1.976E-1
9.800E+2	1.413E-1	0.000E+0	3.551E-1
9.810E+2	1.405E-1	0.000E+0	-9.384E-2
9.820E+2	1.397E-1	0.000E+0	3.855E-1
9.830E+2	1.389E-1	0.000E+0	1.555E-1
9.840E+2	1.381E-1	0.000E+0	3.239E-2
9.850E+2	1.373E-1	0.000E+0	2.842E-1
9.860E+2	1.366E-1	0.000E+0	1.164E-2
9.870E+2	1.358E-1	0.000E+0	1.532E-1
9.880E+2	1.350E-1	0.000E+0	-5.153E-2
9.890E+2	1.342E-1	0.000E+0	-4.701E-1
9.900E+2	1.335E-1	0.000E+0	7.834E-2
9.910E+2	1.327E-1	0.000E+0	4.525E-2
9.920E+2	1.320E-1	0.000E+0	2.996E-1
9.930E+2	1.312E-1	0.000E+0	2.964E-1
9.940E+2	1.305E-1	0.000E+0	9.556E-2
9.950E+2	1.297E-1	0.000E+0	4.192E-1
9.960E+2	1.290E-1	0.000E+0	5.267E-2
9.970E+2	1.283E-1	0.000E+0	1.094E-1
9.980E+2	1.276E-1	0.000E+0	4.254E-1
9.990E+2	1.268E-1	0.000E+0	-1.352E-2
